0 40 0.502842088122226
1 24 0.534531027496807
2 84 0.5028784288174878
3 19 0.5024125186820827
4 17 0.5010354851683855
5 84 0.5020622644727698
6 24 0.5097119661758445
7 93 0.5079122776555929
8 40 0.5020994109194454
9 17 0.5019480181061714
10 24 0.5219930413846763
11 17 0.03035112725354148
11 19 0.053018106163066146
11 74 0.11322078452424811
11 84 0.020555682741612097
11 104 0.3105064160051373
11 108 0.1392060696008663
12 19 0.5051455058370431
13 40 0.5051890581092648
14 93 0.505356040436779
15 101 0.6322815533980582
16 84 0.5015958848472166
17 17 0.5685736396964154
17 30 0.5010354851683854
17 31 0.5113032708784475
17 46 0.527082140472033
17 54 0.5049289724706987
17 55 0.5008510568224864
17 59 0.5010354851683854
17 61 0.5010354851683854
17 62 0.5049289724706987
17 64 0.506335863240912
17 66 0.5010354851683854
17 72 0.5040081051962183
17 73 0.502070970336771
17 75 0.5022758907211031
17 79 0.5010354851683854
17 80 0.503699450164705
17 81 0.5010354851683854
17 85 0.5034206209206922
17 86 0.5008346631917397
17 87 0.5009945010915189
17 88 0.5009535170146525
17 89 0.5010354851683854
17 99 0.5010354851683854
17 100 0.5008510568224864
17 103 0.5078196243447988
17 106 0.500912532937786
17 115 0.5049289724706987
17 116 0.5008510568224864
17 117 0.5010354851683854
17 118 0.5010354851683854
17 120 0.5010354851683854
17 124 0.5010354851683854
17 125 0.502070970336771
17 127 0.5009945010915189
17 129 0.5010354851683854
17 130 0.5025871872512583
17 132 0.5090420867691129
17 133 0.5009535170146525
17 134 0.5010354851683854
17 137 0.502070970336771
17 139 0.500912532937786
17 140 0.5010354851683854
17 142 0.5010354851683854
17 147 0.5049289724706987
17 148 0.5009945010915189
17 152 0.5010354851683854
17 153 0.5016502463213823
17 158 0.5090273801573443
17 160 0.5010354851683854
17 161 0.3680242105659368
17 164 0.503978004366076
17 165 0.5030039953129901
17 166 0.5010354851683854
17 169 0.5008510568224864
17 173 0.502070970336771
17 174 0.501989002183038
17 175 0.5010354851683854
17 178 0.502070970336771
17 181 0.5010354851683854
17 186 0.5028810430823908
17 189 0.5029425191976904
17 192 0.5010354851683854
17 195 0.3630591292172826
17 198 0.5010354851683854
17 202 0.5010354851683854
17 203 0.5010354851683854
17 205 0.5039152537957614
17 208 0.5010354851683854
17 209 0.5009740090530858
17 210 0.501989002183038
17 214 0.500912532937786
17 222 0.5026857314897677
17 226 0.5028031733363445
17 227 0.5028797686273759
17 228 0.5016502463213823
17 231 0.5056391339341821
17 232 0.5047458185798146
17 235 0.3082412870453233
17 237 0.5010354851683854
17 238 0.5010354851683854
17 241 0.5010354851683854
18 93 0.5158764035189258
19 19 0.6360046472216727
19 29 0.2995451596586701
19 36 0.5024125186820827
19 45 0.5068747777303857
19 50 0.5025703229613231
19 58 0.5099705432012085
19 65 0.5030485957134412
19 70 0.21047777032223242
19 76 0.5012509991412245
19 78 0.5041417905754253
19 84 0.008009343455058479
19 92 0.5078784929920035
19 94 0.5012509991412245
19 112 0.5147109608794044
19 122 0.5012509991412245
19 135 0.5030957654708228
19 146 0.5042722649831162
19 172 0.5205934584408709
19 180 0.16110454330308824
19 187 0.5017292718933426
19 191 0.5030957654708228
19 193 0.5024125186820827
19 200 0.5017292718933426
19 218 0.23545450230509096
19 225 0.515478827354114
19 240 0.504462259048303
20 84 0.5073090352602424
21 21 0.5208333333333333
21 215 0.7395833333333333
22 40 0.5019508754788893
23 32 0.6666666666666666
24 24 0.649297532187266
24 27 0.5199884023077939
24 90 0.5084274116593508
24 123 0.5199884023077939
24 161 0.14533217356411274
24 171 0.5328339474727307
24 217 0.5122810752088318
24 221 0.5071685482331869
25 84 0.5038111880685939
26 190 1.0
28 40 0.5116255938666966
29 40 0.21043274425277872
32 101 0.701051779935275
33 40 0.5020994109194454
34 93 0.5111075741791102
35 84 0.5017124797536049
37 40 0.5044463809064842
38 93 0.5098813037774433
39 84 0.5026452390047113
40 40 0.5251561822650885
40 43 0.504327442527787
40 51 0.5020994109194454
40 56 0.5020994109194454
40 69 0.5020994109194454
40 71 0.5105067369074261
40 96 0.5020994109194454
40 97 0.503802727330741
40 98 0.5020994109194454
40 105 0.5023469699870389
40 108 0.17211616988785705
40 111 0.5064268534472325
40 128 0.502842088122226
40 145 0.5068030332037223
40 151 0.5185572477593154
40 159 0.504327442527787
40 162 0.5020994109194454
40 168 0.5020994109194454
40 170 0.5572663537520053
40 177 0.5020994109194454
40 182 0.5058526264366678
40 185 0.5068030332037223
40 207 0.5058127969333484
40 211 0.5079223302680019
40 213 0.5044463809064843
40 216 0.5041988218388908
40 220 0.5039017509577786
40 223 0.5019508754788893
40 224 0.5020994109194454
40 230 0.5116705946038724
41 236 0.5220412432755529
42 84 0.5026452390047113
44 84 0.5026382433103279
47 84 0.506726060728301
48 77 0.803030303030303
49 84 0.5048240983838693
52 84 0.5026452390047113
53 93 0.5047808870625459
57 93 0.5079122776555929
60 60 1.0
63 107 0.5234471410941999
67 108 0.5704233161371197
68 93 0.5079122776555929
70 74 0.1006706166288201
70 84 0.06932535935117211
70 104 0.028176933431640773
70 107 0.027633654539398228
70 108 0.14887965463315167
70 167 0.5172719030349304
70 233 0.5424969777947446
70 236 0.02744115237645715
74 74 0.5827770579455807
74 180 0.06580070576878735
74 218 0.2536909115391581
77 82 0.696969696969697
83 83 0.6666666666666666
83 113 0.6666666666666666
84 84 0.47279681050645894
84 95 0.5171539779985384
84 110 0.5026382433103279
84 119 0.5037698472403065
84 126 0.5015958848472166
84 131 0.504697009935906
84 143 0.5043577187583161
84 144 0.5037698472403065
84 149 0.5774887843703018
84 150 0.5048240983838693
84 155 0.5035779982558175
84 157 0.5687034533816199
84 163 0.5020622644727698
84 180 0.049321438545901625
84 184 0.5020622644727698
84 197 0.5018290746599933
84 199 0.5018290746599933
91 188 0.8011033681765389
93 93 0.3208367094956978
93 114 0.6244646371107767
93 121 0.5079122776555929
93 136 0.5079122776555929
93 138 0.5079122776555929
93 141 0.5158245553111858
93 154 0.5079122776555929
93 176 0.5079122776555929
93 179 0.5079122776555929
93 183 0.5079122776555929
93 194 0.5051004167148976
93 195 0.1448839886303713
93 196 0.5079122776555929
93 201 0.5047808870625459
93 206 0.5256419531581588
93 219 0.5158245553111858
93 239 0.5079122776555929
102 104 0.5122782446311858
104 104 0.23249299719887953
104 107 0.10742068389127213
104 156 0.17864572658331626
104 180 0.32432352837661305
104 235 0.31671335200746964
107 107 0.7585355820649938
108 108 0.25493828648570466
108 180 0.017169297910121728
108 229 0.5598765729714092
109 188 0.5937862950058073
156 204 0.4115853658536585
180 236 0.09584030114186252
188 212 0.6051103368176538
204 204 0.6083333333333333
204 234 0.6125
218 236 0.32221924730539053
236 236 0.4201036062960749